40 41                               
1  2.0         
1                                
0.15 20.0 25.0 0.1 30.0         
5.0 0.0 -3.0 16.0 -1.0 -2.0 4.0
278. 89. 1. 8.2               
1                            
278. 89. 1. 11.1            
1.4  1.2  0.1  0  0  0     
5 5 5 28  1 5 0  1.06     
3.1 2.5   2  0           
mainTH.txt
egfTH.txt
12.1 349.7 13.2 357.1 00.0 3        
1400 5000  1500 3500               
KGS002                            
6.5/4.7                          
1500 3500 100                   
